0 1
0 2
0 3
0 4
0 14
0 35
0 45
0 78
0 92
0 99
0 128
0 133
0 149
0 228
0 235
0 374
0 378
0 448
0 468
0 556
0 667
0 740
0 800
0 847
0 869
0 936
1 2
1 5
1 6
1 7
1 9
1 10
1 11
1 15
1 18
1 21
1 24
1 31
1 55
1 57
1 65
1 66
1 69
1 76
1 86
1 111
1 124
1 128
1 157
1 161
1 182
1 207
1 230
1 236
1 244
1 277
1 435
1 453
1 478
1 486
1 496
1 585
1 607
1 625
1 636
1 677
1 717
1 741
1 776
1 789
1 824
1 899
1 908
1 981
2 3
2 8
2 11
2 12
2 13
2 15
2 16
2 23
2 24
2 25
2 27
2 36
2 37
2 39
2 41
2 42
2 48
2 49
2 54
2 79
2 81
2 90
2 97
2 109
2 126
2 154
2 179
2 201
2 213
2 222
2 239
2 248
2 255
2 257
2 258
2 269
2 274
2 309
2 350
2 382
2 503
2 523
2 544
2 551
2 580
2 635
2 670
2 756
2 787
2 796
2 816
2 879
2 930
2 960
2 965
2 999
3 4
3 5
3 7
3 21
3 30
3 33
3 40
3 43
3 45
3 50
3 53
3 57
3 67
3 72
3 77
3 90
3 93
3 94
3 96
3 99
3 106
3 114
3 131
3 133
3 204
3 205
3 227
3 250
3 278
3 279
3 365
3 411
3 460
3 462
3 519
3 520
3 526
3 555
3 560
3 683
3 717
3 797
3 828
3 883
3 885
3 932
3 944
3 950
3 964
3 992
4 6
4 20
4 38
4 47
4 89
4 233
4 470
4 540
4 758
5 8
5 12
5 14
5 35
5 36
5 48
5 72
5 122
5 141
5 165
5 212
5 269
5 292
5 354
5 403
5 451
5 574
5 798
6 29
6 31
6 34
6 51
6 52
6 116
6 161
6 270
6 401
6 444
6 497
6 552
6 619
6 694
6 764
6 806
6 849
6 940
6 945
7 18
7 88
7 132
7 134
7 169
7 199
7 223
7 303
7 323
7 361
7 453
8 9
8 10
8 16
8 19
8 22
8 23
8 27
8 29
8 44
8 59
8 62
8 70
8 76
8 88
8 104
8 111
8 315
8 361
8 386
8 439
8 521
8 528
8 548
8 565
8 639
8 651
8 659
8 681
8 691
8 719
8 780
8 876
8 898
8 907
9 13
9 53
9 114
9 172
9 237
9 257
9 307
9 359
9 373
9 561
9 794
10 17
10 20
10 26
10 87
10 91
10 145
10 159
10 191
10 275
10 280
10 371
10 491
10 590
10 675
10 716
10 779
10 836
10 990
11 17
11 74
11 85
11 98
11 118
11 166
11 220
11 241
11 298
11 329
11 376
11 393
11 426
11 457
11 473
11 494
11 522
11 773
11 785
11 913
11 927
11 959
12 28
12 78
12 245
12 295
12 318
12 407
12 442
12 638
12 643
12 813
13 330
13 403
14 19
14 32
14 77
14 87
14 94
14 138
14 140
14 204
14 335
14 369
14 381
14 416
14 424
14 449
14 477
14 573
14 612
14 677
14 700
14 755
14 853
14 865
14 871
14 999
15 46
15 91
15 92
15 116
15 305
15 406
15 550
15 558
15 720
15 912
15 926
16 63
16 65
16 74
16 510
17 46
17 83
17 103
17 104
17 115
17 155
17 180
17 246
17 291
17 459
17 627
17 777
18 121
18 351
18 492
19 30
19 110
19 267
19 296
19 366
19 478
19 792
20 22
20 38
20 40
20 61
20 75
20 84
20 101
20 150
20 237
20 242
20 250
20 258
20 266
20 285
20 290
20 331
20 364
20 402
20 510
20 514
20 530
20 588
20 641
20 676
20 749
20 757
20 833
21 108
21 175
21 274
21 499
21 549
22 445
23 25
23 26
23 42
23 49
23 52
23 73
23 79
23 134
23 142
23 159
23 190
23 203
23 283
23 387
23 389
23 625
23 686
23 812
23 849
24 82
24 151
24 295
24 297
24 433
24 441
24 713
24 836
24 914
25 33
25 34
25 58
25 100
25 101
25 188
25 209
25 268
25 300
25 614
25 637
25 995
26 28
26 32
26 43
27 61
27 125
27 129
27 196
27 212
27 400
27 548
27 636
27 725
28 50
28 56
28 146
28 206
28 260
28 262
28 349
28 436
28 443
28 508
28 527
28 620
28 654
28 774
28 925
29 37
29 255
30 385
30 654
31 39
31 51
31 55
31 95
31 100
31 130
31 217
31 226
31 245
31 275
31 307
31 332
31 452
31 455
31 594
31 663
31 775
31 933
32 41
32 58
32 66
32 93
32 170
32 183
32 276
32 545
32 550
32 699
32 883
33 44
33 62
33 68
33 103
33 238
33 335
33 353
33 413
34 106
34 109
34 234
34 264
34 350
34 779
34 791
34 841
35 56
35 117
35 593
35 922
35 939
35 983
36 139
36 197
36 235
36 256
36 318
36 319
36 330
36 440
36 539
36 656
36 858
36 975
37 47
37 75
37 80
37 118
37 327
37 345
37 400
37 454
37 585
37 598
38 138
38 177
38 556
38 952
39 83
40 60
40 122
40 146
40 429
40 433
40 487
40 571
40 634
40 799
40 878
41 68
41 80
41 120
41 168
41 221
41 229
41 244
41 343
41 355
41 507
41 532
41 630
41 807
41 840
42 96
42 102
42 147
42 194
42 239
42 253
42 397
42 431
42 505
42 615
42 685
42 707
42 724
42 843
43 63
43 164
43 217
43 289
43 357
43 370
43 463
43 534
43 602
43 679
43 737
43 858
43 903
43 987
44 54
44 108
44 123
44 162
44 163
44 299
44 620
44 671
44 722
44 851
44 860
44 969
45 299
45 584
45 859
46 767
46 955
47 60
47 95
47 117
47 240
47 262
47 367
47 570
47 688
47 721
47 904
48 423
49 105
49 208
49 735
49 832
50 59
50 71
50 119
50 127
50 135
50 148
50 168
50 215
50 292
50 341
50 362
50 368
50 369
50 446
50 479
50 537
50 674
50 690
50 790
50 792
50 961
51 107
51 120
51 124
51 149
51 253
51 281
51 296
51 304
51 311
51 348
51 391
51 408
51 456
51 473
51 486
51 493
51 571
51 597
51 627
51 628
51 711
51 774
51 910
52 107
52 121
52 143
52 211
52 322
52 512
52 547
52 596
52 888
52 901
53 532
53 589
53 638
53 956
54 182
54 243
54 356
55 137
55 271
55 303
55 529
55 591
55 598
55 632
56 64
56 70
56 215
56 390
56 466
56 485
56 547
56 966
57 64
57 136
57 205
57 226
57 567
58 98
58 137
58 162
58 171
58 340
58 347
58 398
58 399
58 428
58 430
58 582
58 886
59 185
59 398
59 439
60 69
60 97
60 359
60 390
60 509
60 643
60 808
60 894
61 67
61 82
61 153
61 157
61 166
61 180
61 438
61 489
61 649
61 890
61 926
62 233
62 503
63 73
63 89
63 113
63 158
63 183
63 216
63 346
64 81
64 156
64 605
64 674
64 698
64 748
65 126
65 249
65 462
66 313
66 367
66 399
66 427
66 622
66 750
67 187
67 485
67 676
68 102
68 105
68 147
68 191
68 375
68 639
68 776
68 787
69 71
69 84
69 160
69 225
69 282
69 333
69 388
69 395
69 820
69 826
69 863
70 289
70 317
71 976
72 142
72 152
72 251
72 270
72 432
72 524
72 697
73 181
73 791
74 155
74 306
74 393
74 947
75 86
75 163
75 225
75 376
75 578
76 537
76 703
77 130
77 172
77 173
77 193
77 249
77 252
77 355
77 391
77 516
77 542
77 860
78 219
78 265
78 857
79 324
79 682
79 732
79 916
79 927
79 941
80 85
80 154
80 173
80 733
80 916
80 917
81 115
81 177
81 281
81 652
81 848
81 865
82 658
83 119
84 160
84 229
84 392
84 445
84 522
84 727
84 823
87 127
87 135
87 140
87 232
87 332
87 380
87 482
87 693
87 818
87 910
87 959
87 960
88 192
88 195
88 221
88 240
89 145
89 190
89 218
89 394
89 613
90 386
91 129
91 186
91 371
91 618
91 879
93 113
94 156
94 520
94 608
94 626
94 997
95 568
96 449
96 590
96 715
96 946
97 125
97 170
97 189
97 192
97 232
97 312
97 321
97 368
97 476
97 518
97 623
97 874
97 915
98 110
98 175
98 211
98 345
98 577
98 592
98 667
99 294
99 328
99 349
99 426
99 465
99 708
99 733
100 203
100 210
100 429
100 805
101 158
101 576
102 112
102 151
102 186
102 259
102 356
102 515
102 683
102 756
103 334
103 611
104 936
105 112
105 193
105 392
105 728
106 241
106 744
107 198
107 273
107 407
107 467
107 833
109 266
110 144
110 218
110 401
110 546
110 566
110 770
110 978
111 144
111 152
111 358
113 174
113 314
113 922
113 923
114 354
115 194
115 290
115 660
115 771
116 143
116 224
116 288
116 319
116 854
117 463
118 220
119 123
120 734
121 285
121 466
121 618
121 797
121 913
122 139
122 230
122 450
122 583
122 660
122 662
123 200
123 252
123 312
123 601
123 629
123 752
123 974
124 247
124 272
125 451
125 884
125 900
126 150
126 216
126 364
126 365
126 719
127 132
127 148
127 783
127 899
128 131
128 276
129 283
130 206
130 234
130 242
130 316
130 358
130 366
130 384
130 421
130 484
130 509
130 646
130 672
130 685
130 687
130 697
130 846
130 885
130 995
131 210
131 294
131 313
131 604
132 136
132 141
132 178
132 222
132 942
133 207
133 320
133 383
133 432
133 465
133 662
133 751
133 864
133 918
133 943
133 976
134 195
134 272
134 336
134 395
134 720
134 794
134 843
135 231
135 280
135 344
135 348
135 651
135 819
135 844
135 856
136 197
136 310
136 543
136 669
136 745
137 169
137 198
137 380
137 589
137 593
138 202
138 309
138 436
138 497
138 701
139 167
139 199
139 458
139 816
140 184
140 507
141 176
141 482
142 153
142 171
142 385
142 741
142 864
143 176
143 372
143 480
143 626
143 830
144 185
144 238
144 277
144 895
145 263
145 264
145 405
145 630
146 178
146 189
146 236
146 254
146 336
146 337
146 342
146 422
146 467
148 164
148 200
148 723
148 761
148 907
149 800
150 165
152 231
152 271
152 531
152 767
153 840
154 265
154 564
155 208
155 293
155 326
155 334
155 553
155 903
156 610
156 695
156 809
157 187
157 475
157 513
157 523
157 666
157 902
157 942
158 167
158 174
158 184
158 321
158 327
158 435
158 703
158 847
159 213
159 882
162 201
162 416
162 563
162 631
162 785
162 876
162 992
163 179
164 519
165 689
165 827
165 892
165 938
166 254
166 417
166 763
166 825
168 181
168 751
169 331
170 562
171 196
171 282
171 300
171 560
171 664
171 718
171 990
173 351
173 441
173 617
174 247
175 342
175 425
175 546
175 789
175 866
175 893
176 621
176 760
177 314
177 613
177 967
178 564
178 633
180 389
180 447
180 561
180 796
181 329
181 986
182 261
182 287
182 504
182 531
182 574
182 609
182 617
182 659
182 766
182 815
182 821
182 896
182 979
183 337
183 539
183 908
184 219
185 188
185 261
185 460
185 698
185 870
186 375
187 202
187 341
187 397
187 637
188 209
188 338
188 402
188 411
188 420
188 469
188 500
188 624
188 724
189 362
189 500
189 524
189 788
190 286
191 286
191 414
191 835
192 214
192 224
192 259
192 586
192 714
192 996
193 214
193 442
193 488
193 567
193 747
193 821
195 804
196 267
197 515
197 581
197 629
197 947
198 502
198 603
199 227
199 410
199 481
199 600
199 640
199 706
199 729
200 553
200 633
200 645
202 308
203 496
203 657
204 577
204 929
205 305
206 311
207 301
207 322
207 388
207 419
208 352
208 437
208 596
208 640
208 673
208 880
209 246
209 538
209 765
210 228
210 379
210 483
210 969
211 317
211 326
211 343
212 420
212 434
213 223
213 248
213 293
213 323
213 529
213 602
213 612
213 964
214 649
214 671
214 863
215 690
215 730
216 543
217 360
217 464
217 541
217 749
218 278
218 291
218 422
218 642
218 875
220 251
221 423
221 494
221 831
222 421
222 504
222 530
222 775
223 528
223 628
223 712
225 243
225 410
225 572
225 991
226 315
227 759
228 320
228 382
228 525
228 557
228 993
229 256
229 339
229 347
229 396
229 525
229 657
230 377
230 440
230 495
230 511
230 579
230 706
231 448
231 513
231 688
231 896
233 753
235 447
235 824
236 580
237 506
237 948
239 413
240 492
240 686
240 709
241 260
241 483
242 597
243 279
243 284
244 414
244 951
245 477
246 374
246 742
247 599
247 810
247 994
248 381
248 830
250 344
250 644
251 404
251 458
251 738
252 310
252 988
253 533
253 746
253 818
253 874
253 987
254 302
257 575
257 842
258 297
258 328
258 569
258 696
258 731
258 799
258 813
259 288
259 409
259 479
259 572
259 608
259 734
260 968
261 383
261 409
261 622
262 263
262 404
262 418
262 464
262 712
263 284
263 552
263 647
264 268
264 491
266 316
266 360
266 454
267 583
267 586
267 655
267 868
268 430
268 616
269 917
270 614
271 273
271 669
271 802
274 377
274 600
275 634
275 702
275 935
275 975
276 308
277 861
278 298
278 373
278 595
278 866
278 921
279 461
279 606
279 652
279 941
281 325
281 353
281 684
281 831
282 302
282 324
284 287
284 875
286 339
286 558
287 918
287 930
287 945
289 850
290 418
290 707
291 484
291 565
291 838
291 872
291 980
292 325
292 444
292 521
292 985
293 304
293 557
294 357
296 412
296 536
296 807
298 512
299 301
299 501
299 511
299 869
299 897
300 893
301 701
302 801
303 306
303 333
303 424
303 544
304 338
304 495
304 623
304 682
304 696
304 880
306 517
306 559
306 782
308 443
308 498
308 516
309 363
309 472
309 680
310 700
310 780
310 971
311 555
312 867
313 704
313 784
313 817
315 802
317 405
318 379
318 815
318 961
319 372
319 611
319 748
319 954
320 533
321 340
321 455
321 584
321 704
322 363
323 798
328 605
329 387
329 594
329 739
331 468
331 470
331 487
331 973
332 370
332 736
332 781
333 769
334 778
336 446
336 502
337 346
337 681
337 710
337 743
338 928
339 692
339 929
340 396
340 656
341 588
341 607
341 940
343 490
343 599
344 795
345 437
345 506
346 540
347 715
348 352
348 554
349 384
349 562
350 406
350 672
351 699
351 721
351 736
352 650
353 738
357 490
358 457
358 835
358 890
362 378
362 754
363 394
363 452
363 784
364 951
365 428
365 710
366 851
367 425
370 678
373 551
373 714
374 415
374 535
374 761
374 770
378 716
380 655
382 469
382 568
383 870
383 901
384 664
386 412
386 739
386 811
386 905
386 954
390 461
391 431
392 762
393 415
393 570
393 621
393 729
393 829
393 845
393 850
395 427
395 604
397 408
398 535
398 900
398 963
399 668
401 538
401 727
402 501
403 842
403 878
404 665
404 949
405 534
405 595
405 852
405 911
406 456
408 713
409 912
409 949
412 417
412 647
412 822
413 434
414 419
414 632
416 803
417 480
417 905
418 474
418 709
418 891
419 450
420 472
420 601
420 983
421 663
421 678
422 438
422 489
422 695
422 873
422 898
425 527
425 542
425 810
425 920
427 642
429 508
429 573
429 579
429 587
429 854
429 906
430 559
430 747
433 481
433 827
435 518
437 578
438 549
438 661
438 871
439 471
439 514
441 624
442 884
445 499
445 603
446 952
447 459
447 693
448 648
448 919
450 474
450 773
453 498
453 687
455 471
455 937
456 826
457 765
457 823
458 804
461 648
462 848
463 755
464 666
464 768
464 837
464 867
465 488
465 778
465 892
468 566
469 475
469 505
470 526
470 631
470 914
471 476
472 790
474 771
475 609
478 726
482 517
482 735
484 924
485 541
485 723
486 641
486 658
488 730
488 979
489 722
490 493
490 998
492 606
492 967
494 862
495 670
496 536
499 692
499 855
500 886
502 545
502 673
502 855
503 825
503 989
504 777
505 587
505 943
507 932
512 582
512 752
513 575
513 938
514 661
516 616
519 839
520 957
525 832
525 955
526 958
529 668
530 978
531 653
535 705
536 888
537 665
538 591
538 859
539 980
540 563
540 689
541 746
543 935
544 569
544 764
545 856
547 650
547 725
547 887
549 554
553 728
555 834
557 793
558 576
558 619
558 743
558 762
561 806
563 581
568 985
568 989
569 644
569 753
570 675
571 592
572 679
574 839
575 740
576 615
577 788
578 944
580 934
582 829
583 610
584 906
584 981
588 819
589 766
589 772
589 786
589 811
597 646
597 759
597 814
597 834
597 844
599 809
599 962
602 937
605 645
605 828
606 653
606 845
614 726
614 846
620 702
620 705
621 635
624 711
624 760
624 801
626 691
626 737
626 921
627 931
633 982
634 680
634 837
636 996
639 889
640 881
640 924
641 822
643 795
645 768
650 793
653 708
655 757
655 882
656 881
657 718
663 684
664 805
664 973
664 994
666 731
672 694
672 984
673 758
673 781
677 742
677 814
678 894
679 889
681 963
682 750
682 904
687 754
687 852
688 744
688 920
695 919
695 986
697 745
697 991
702 763
705 853
706 873
707 732
713 803
714 877
716 820
717 982
726 933
727 957
729 812
730 934
730 970
732 915
735 786
736 772
736 953
736 962
737 808
737 925
744 897
746 909
752 872
755 782
758 769
763 895
763 972
764 817
764 970
765 862
770 965
771 909
774 841
782 783
787 931
790 861
796 877
797 968
809 868
817 950
822 939
824 838
833 857
836 948
838 971
843 988
846 993
848 977
850 887
858 956
861 911
878 891
878 902
878 966
880 946
886 958
887 972
888 923
895 953
903 928
909 998
913 984
948 974
960 997
968 977
