0 790
0 894
0 928
1 136
1 273
1 581
1 643
2 196
2 379
2 673
2 800
2 803
3 98
4 210
4 267
4 788
5 275
5 521
5 851
5 881
6 31
6 113
6 304
6 827
6 899
6 912
7 142
7 397
7 593
8 117
8 168
8 293
8 901
8 935
9 492
9 538
9 811
10 428
11 355
11 390
11 640
12 77
12 114
12 154
12 537
13 222
13 243
13 644
14 695
14 900
15 27
15 34
15 250
15 756
15 781
16 205
16 444
16 785
16 908
17 234
17 825
18 256
18 539
18 687
19 156
19 184
19 535
19 592
19 786
20 480
20 520
20 746
21 118
21 192
21 323
21 571
21 671
22 401
22 498
22 510
23 262
23 265
23 364
23 535
23 669
24 552
24 592
24 706
24 728
24 928
25 501
25 897
26 56
26 266
26 675
26 775
27 231
27 242
27 411
28 90
28 873
28 894
29 42
29 433
29 855
30 560
30 960
31 530
31 582
31 961
32 228
33 82
33 572
33 729
34 158
34 350
34 359
34 715
34 836
35 628
35 634
36 557
36 576
37 366
37 723
38 148
38 456
39 143
39 243
39 339
39 576
40 186
40 291
40 546
41 394
41 407
42 391
42 597
42 706
43 657
44 62
44 624
44 667
44 779
44 958
45 401
46 763
47 433
47 898
48 100
48 538
48 636
49 314
49 362
49 813
50 102
50 546
51 257
51 419
51 682
51 761
52 745
53 192
53 931
53 945
54 89
54 146
54 154
54 373
54 643
55 142
55 298
55 436
55 590
56 491
56 541
56 542
56 548
56 670
56 757
56 762
57 185
57 649
57 683
57 762
57 768
57 946
58 580
59 369
59 563
59 947
60 77
60 235
60 651
60 749
60 932
61 326
61 804
62 484
63 138
63 453
63 734
64 258
64 316
64 542
65 347
65 413
66 165
66 311
67 89
67 337
67 382
67 457
67 722
68 515
68 542
68 779
69 190
70 182
70 597
70 875
71 159
71 553
71 952
72 341
72 605
72 677
73 372
73 561
73 886
74 196
74 381
75 403
75 529
75 763
76 207
77 153
77 230
77 345
77 625
77 801
78 578
79 544
79 617
79 718
79 887
80 548
81 122
81 540
81 642
81 713
82 344
82 519
82 543
82 655
83 313
83 404
83 789
84 354
84 869
85 285
85 367
85 622
86 580
87 459
87 879
88 517
88 530
88 568
89 766
89 873
90 366
90 495
91 227
92 96
92 870
92 940
93 261
93 624
93 796
94 449
94 601
94 671
95 216
95 303
96 753
97 348
97 363
97 462
97 499
98 427
98 603
98 910
99 181
99 204
99 493
100 157
100 227
100 294
100 595
101 657
101 658
103 152
103 432
103 498
104 240
104 692
104 846
105 169
105 440
105 464
105 504
105 714
106 550
106 792
106 916
107 121
107 313
107 379
107 760
108 680
108 805
109 173
109 236
109 555
109 697
109 912
110 114
110 266
110 812
111 255
111 278
111 606
111 617
111 630
112 449
112 547
113 336
113 407
114 305
114 346
114 619
115 363
115 430
115 893
116 392
117 123
117 157
117 776
117 797
117 841
118 190
118 402
119 227
119 646
119 668
119 830
119 840
120 195
120 261
120 485
120 747
121 411
121 562
121 622
121 751
121 757
122 183
122 604
122 947
123 219
123 472
123 920
124 730
124 877
124 886
124 937
125 358
125 836
126 342
126 894
127 141
128 359
129 582
129 784
130 188
130 392
130 588
131 212
131 313
131 440
132 145
132 319
132 452
132 716
132 840
132 844
133 210
133 472
133 871
134 168
134 789
135 371
135 701
135 860
136 343
137 269
137 776
137 928
138 421
138 841
139 468
139 613
139 852
140 596
141 698
141 966
142 178
142 351
142 460
142 759
142 861
143 648
143 707
143 906
143 922
144 548
144 763
145 172
145 229
145 678
145 875
146 216
146 249
146 428
146 542
146 697
146 775
147 294
148 171
148 957
149 415
149 634
149 680
150 881
151 517
151 556
151 625
151 660
152 472
152 792
152 840
153 233
153 700
154 161
155 198
155 352
155 567
155 664
155 841
155 914
155 926
156 848
157 488
158 174
158 757
159 612
159 787
160 187
160 237
160 373
160 667
161 315
161 529
161 714
161 717
161 963
162 294
162 512
162 607
162 655
162 759
162 819
163 474
163 603
163 606
164 258
164 860
165 730
165 731
165 836
165 871
166 169
166 581
166 597
167 266
167 487
167 506
167 842
167 890
168 172
168 522
168 738
168 911
169 469
169 553
170 544
170 552
170 693
170 725
170 829
171 240
171 398
171 425
171 967
172 355
172 362
172 775
172 967
173 458
173 723
173 824
174 282
174 520
175 379
175 431
175 749
175 853
175 917
176 451
176 866
177 936
178 179
178 193
178 298
178 735
178 947
179 584
179 597
179 868
180 352
180 473
181 288
181 358
181 472
181 697
183 581
183 613
183 743
185 350
185 442
186 284
186 479
187 318
187 516
187 860
188 522
188 926
188 938
189 941
190 198
190 652
190 735
190 913
191 629
191 891
192 355
192 510
192 688
192 844
193 394
193 672
194 510
194 554
194 688
195 745
196 487
196 509
197 349
197 392
197 396
197 576
197 741
198 480
198 729
198 763
198 841
199 507
199 763
199 865
200 208
200 458
201 217
201 308
201 695
201 763
202 287
203 531
203 657
203 792
203 949
204 309
204 518
204 519
205 782
206 420
207 387
207 611
207 712
207 794
208 244
208 613
208 732
208 745
208 842
208 867
209 376
209 514
209 723
209 821
210 887
211 401
211 654
211 659
212 279
212 950
213 683
213 807
214 228
214 267
214 597
214 695
214 850
214 872
215 636
215 739
216 300
216 504
217 374
217 502
217 961
218 403
218 466
218 588
218 714
218 857
219 759
220 621
220 836
221 456
222 250
223 544
223 819
223 940
224 233
224 646
225 265
226 480
226 497
226 734
226 962
227 263
227 955
228 421
229 281
229 369
229 700
229 708
229 742
230 726
230 881
230 916
231 371
231 612
231 803
232 861
233 271
233 309
233 370
233 540
233 683
233 747
234 305
234 457
234 613
234 775
234 814
235 285
235 356
235 373
235 614
236 260
237 838
237 860
238 564
238 790
239 311
239 396
240 341
241 371
241 596
241 688
242 397
242 648
244 265
244 372
244 560
244 753
245 432
245 771
245 814
246 529
246 541
246 921
247 249
247 289
247 516
247 792
247 822
247 825
247 870
248 552
248 690
249 891
250 792
250 894
250 909
251 376
251 674
252 673
252 691
252 966
253 348
253 449
253 616
254 508
255 394
255 616
255 663
255 682
256 457
256 503
256 766
256 894
257 631
257 664
258 651
258 847
259 456
259 601
259 646
260 457
260 505
260 554
261 377
262 565
263 291
263 580
263 775
264 265
264 314
264 456
264 792
266 402
266 483
266 525
266 538
266 744
267 699
267 707
268 542
268 635
268 646
268 928
269 385
269 544
270 276
270 891
270 923
271 391
271 535
272 558
273 365
273 542
273 660
273 845
273 898
273 921
274 371
274 437
274 552
274 917
275 561
275 762
276 332
276 354
277 657
277 843
278 447
278 624
279 460
280 660
280 688
280 730
280 882
281 428
281 456
281 459
281 466
281 816
281 843
282 898
282 929
282 966
283 526
283 693
283 864
284 461
284 857
285 492
285 811
285 876
285 895
286 309
286 388
286 839
287 393
287 479
287 924
288 369
288 521
288 670
290 309
290 389
290 512
290 647
290 707
291 416
291 713
291 823
292 444
292 823
293 630
293 922
294 356
294 796
294 906
295 550
295 728
295 794
296 445
297 470
298 653
298 942
298 945
299 619
299 671
299 767
299 886
301 671
302 380
304 706
304 811
305 380
305 547
306 603
306 686
306 832
307 459
307 678
308 337
308 464
308 546
308 584
308 691
308 773
308 815
309 631
310 516
310 521
310 941
311 628
311 843
312 556
313 373
314 434
314 891
314 923
314 934
315 658
315 918
316 362
316 384
316 485
316 883
317 337
317 433
317 580
318 388
318 585
319 424
319 848
320 710
320 795
320 962
321 490
321 519
321 619
322 469
323 481
323 602
324 426
324 538
325 557
325 799
325 909
326 744
327 462
327 644
328 515
328 794
328 965
329 373
329 663
330 678
330 759
330 774
330 925
331 847
332 588
333 433
333 896
334 538
334 782
334 882
335 746
336 487
336 811
337 878
338 867
339 784
339 799
340 396
341 885
342 693
342 819
343 431
343 752
343 874
344 364
344 511
344 549
344 734
344 777
344 805
344 951
345 528
345 665
346 387
346 605
346 612
346 865
346 888
346 928
347 436
347 837
347 920
348 403
348 752
348 769
349 554
349 589
349 593
349 599
350 581
351 554
352 576
352 590
352 657
353 455
353 477
353 600
354 416
355 839
356 368
356 601
356 815
357 397
358 580
360 861
361 519
361 632
361 901
363 563
363 566
363 590
363 638
363 866
363 908
363 932
364 404
364 655
364 777
365 546
366 435
366 622
366 857
367 376
367 728
367 871
367 886
368 456
368 624
370 405
371 485
371 533
371 689
371 805
371 843
372 547
372 559
372 801
373 847
373 937
374 441
375 489
376 520
376 831
377 878
378 432
378 446
379 628
379 931
380 485
380 574
380 743
380 868
382 401
382 595
382 902
383 865
384 871
384 965
386 680
387 551
387 680
388 619
388 696
389 486
389 569
389 895
391 489
391 524
391 616
392 503
392 914
393 517
393 821
393 893
394 474
394 667
394 695
394 707
394 904
394 961
395 485
395 491
395 820
396 412
396 667
396 673
396 724
397 702
398 674
399 574
399 682
400 449
400 818
401 436
403 517
403 896
404 612
404 623
404 679
406 828
408 442
409 421
409 617
409 757
409 761
409 843
410 521
410 540
411 529
411 545
411 767
411 895
411 907
412 691
413 703
414 843
416 614
416 832
416 848
416 869
417 556
417 594
418 634
418 652
418 768
419 770
420 612
420 850
421 888
422 570
422 586
422 693
422 729
422 781
422 887
423 710
423 745
423 763
424 732
424 799
424 913
425 561
425 809
426 912
427 545
427 868
428 752
429 592
430 482
433 483
433 509
433 520
433 710
434 789
434 842
435 525
436 496
436 826
436 856
436 950
437 498
437 705
437 723
438 572
438 803
439 793
439 869
442 874
443 452
443 493
443 788
444 465
444 742
444 748
445 776
445 911
446 519
446 575
446 834
446 939
447 544
447 563
447 583
448 713
448 831
449 668
449 824
450 645
450 736
450 881
451 499
452 512
452 772
454 465
454 878
455 619
456 516
456 553
456 633
456 678
457 614
457 622
457 792
457 860
458 563
458 567
459 802
459 835
460 622
461 484
461 660
462 625
463 792
463 807
463 954
464 505
464 624
464 838
465 608
466 620
466 815
467 542
467 812
469 582
469 763
470 517
470 623
470 647
470 814
471 541
472 635
472 746
472 826
473 524
474 857
474 954
475 558
476 478
476 556
477 952
478 523
478 863
479 646
479 931
480 687
481 505
481 709
481 717
482 594
482 646
482 696
483 655
484 700
484 729
484 924
485 582
485 613
486 604
486 607
486 894
489 572
490 774
492 621
492 740
492 967
493 728
493 787
494 548
494 561
494 677
494 682
494 718
494 840
495 654
496 572
496 736
496 878
497 778
497 803
497 820
497 910
498 858
499 624
499 665
499 721
499 792
500 705
500 827
501 759
503 531
504 699
505 572
505 664
506 773
506 793
507 788
507 895
508 844
510 924
510 960
512 519
512 863
513 769
513 946
514 815
514 937
516 909
519 578
520 524
520 550
521 615
522 803
524 758
524 765
524 785
525 554
525 633
525 837
525 899
526 677
527 588
527 804
527 815
527 957
528 549
528 676
528 740
529 668
529 706
529 860
530 783
531 796
532 635
532 745
532 750
532 767
532 825
532 846
532 879
532 920
534 848
535 702
536 768
536 861
536 896
537 680
537 714
538 908
541 828
541 868
542 820
542 905
543 547
544 577
544 644
544 761
544 879
545 615
546 887
546 963
547 918
547 940
548 653
548 903
549 591
549 897
549 945
550 715
551 793
551 844
552 815
554 801
554 861
556 564
556 722
557 753
558 872
559 780
562 679
562 742
563 735
565 587
565 650
566 610
567 749
568 684
568 804
568 899
568 920
569 847
569 941
570 797
570 883
570 936
571 628
571 784
572 820
573 915
574 701
574 704
574 832
576 727
576 951
576 967
577 803
577 812
577 916
578 716
578 904
579 641
579 668
579 803
579 945
580 593
580 641
580 923
582 705
582 912
583 680
583 751
584 603
584 937
585 663
589 622
589 768
589 952
590 906
591 902
592 648
592 958
593 639
593 748
593 766
594 652
594 887
594 889
594 929
595 824
596 608
596 655
596 667
596 687
596 827
596 876
597 883
598 872
601 878
601 926
601 961
602 948
604 612
604 694
605 678
605 802
606 745
606 849
606 927
607 655
608 898
609 788
610 703
610 710
611 811
612 935
613 959
614 722
614 761
614 808
615 665
615 683
617 861
618 681
618 929
619 792
619 923
622 849
622 964
624 753
624 846
624 889
624 933
625 708
625 746
625 837
626 660
626 796
626 806
627 898
628 724
629 754
629 913
630 725
630 815
631 666
631 795
631 929
631 943
632 902
633 650
633 847
635 638
637 796
637 949
638 731
638 950
638 954
639 880
640 674
640 846
640 872
641 676
642 659
642 884
644 749
644 893
645 807
645 963
646 912
647 727
647 808
648 661
648 755
648 775
649 685
650 721
650 835
651 818
652 664
652 810
652 855
655 962
656 851
656 876
657 756
659 698
659 709
659 902
660 752
662 858
667 798
668 839
669 805
669 933
671 813
671 922
672 780
672 946
673 875
674 906
675 735
675 939
677 879
678 915
680 779
680 824
681 729
682 777
682 835
683 939
683 940
684 764
684 788
684 947
685 750
685 831
685 841
686 763
689 845
691 709
691 966
692 843
692 945
695 930
696 722
696 800
696 862
697 888
697 916
697 947
698 881
698 902
699 833
700 829
700 941
701 724
702 928
704 946
705 804
705 849
705 863
706 814
708 850
708 853
708 901
711 739
711 843
711 851
712 734
714 759
714 934
716 881
719 943
720 829
720 955
721 784
722 827
722 891
722 901
722 954
723 820
723 916
725 908
727 818
732 858
733 849
734 797
736 811
737 929
739 791
739 924
741 839
741 873
742 755
742 839
743 842
743 882
744 796
745 869
745 948
749 899
750 935
752 769
755 799
755 927
763 882
764 957
767 866
769 898
772 880
773 820
774 931
775 943
776 793
778 943
782 827
783 836
783 840
783 906
784 893
788 865
788 904
789 932
791 847
793 861
794 808
795 850
796 914
797 931
800 845
801 848
802 811
802 878
803 886
806 885
807 873
809 815
816 886
816 937
817 864
824 923
825 909
826 883
827 843
828 882
830 950
832 917
835 907
835 919
836 941
839 843
839 926
840 882
843 900
846 868
846 952
849 851
849 965
852 932
853 948
854 909
855 897
857 859
858 892
859 935
865 918
866 933
868 870
874 888
875 962
877 895
881 895
882 920
887 962
890 963
893 907
896 911
897 946
899 905
902 914
917 927
918 946
933 956
943 944
953 959
