0 240
0 415
1 3
1 831
1 872
1 998
2 3
2 192
2 959
3 4
3 646
4 17
4 605
5 40
5 70
5 458
6 7
6 79
6 394
7 8
7 996
8 9
8 10
9 10
9 11
9 900
10 11
10 12
11 12
11 13
12 13
12 14
12 59
13 14
13 310
14 15
14 290
14 532
15 17
16 17
16 18
16 963
17 19
17 111
18 19
18 20
18 216
18 267
19 20
21 22
21 804
21 867
22 23
22 24
22 668
23 374
23 697
23 796
24 25
24 194
24 308
25 27
25 99
25 429
26 27
26 70
26 141
26 425
27 967
28 30
28 147
28 425
28 538
29 30
29 378
29 546
29 861
29 903
30 31
30 32
30 705
30 746
30 933
31 32
31 580
31 837
32 33
32 34
32 306
33 34
33 35
34 35
34 36
35 36
35 264
35 478
35 741
36 37
37 38
37 39
38 39
38 40
38 133
38 905
39 40
39 41
40 42
40 456
41 43
41 44
41 295
41 992
42 44
42 186
43 45
43 84
44 45
44 46
45 46
45 47
45 792
45 957
46 48
46 701
47 48
47 691
47 852
48 50
48 114
48 236
48 562
49 50
49 51
49 157
49 174
49 209
49 408
49 484
49 731
50 51
50 468
51 52
51 53
52 54
52 817
53 54
53 692
54 55
54 56
55 56
55 57
55 630
55 787
55 941
56 57
56 58
57 58
58 214
58 268
59 61
59 448
60 61
60 62
61 509
61 728
61 906
61 937
62 64
63 64
63 65
63 220
64 66
64 547
65 66
65 501
65 568
66 68
66 314
66 366
67 425
67 734
67 882
68 70
68 164
68 197
68 597
69 987
70 72
70 636
71 72
71 850
71 888
72 73
72 74
72 472
72 479
72 864
72 916
73 74
73 75
73 294
73 952
74 75
74 406
75 76
75 77
76 77
76 522
77 78
77 569
78 79
78 176
78 334
78 726
78 829
78 921
79 80
80 82
80 185
80 652
81 82
81 354
81 521
81 893
82 83
82 84
82 499
82 923
83 84
83 85
83 529
84 85
84 86
84 648
85 86
85 87
85 976
86 87
86 88
86 887
87 88
87 89
88 270
88 934
89 91
89 127
89 235
89 774
90 91
90 347
91 92
91 93
92 93
92 144
92 664
92 774
93 94
93 95
94 95
94 96
94 152
95 96
95 97
96 97
96 98
96 588
96 639
97 98
98 100
98 373
99 101
99 240
99 280
99 559
100 101
100 102
101 207
101 288
101 405
102 103
102 104
103 104
103 105
103 551
104 105
104 712
104 713
104 727
104 743
105 106
106 107
106 108
107 109
107 144
107 939
108 109
108 110
108 293
108 683
110 111
110 112
110 897
110 997
111 177
111 202
112 114
113 114
113 115
113 586
114 493
114 562
115 116
115 117
115 194
115 629
115 839
116 117
116 118
116 499
117 118
117 539
118 119
118 120
118 902
119 140
119 691
120 121
120 122
120 412
121 122
121 690
121 824
121 880
122 123
122 124
123 124
123 125
123 719
123 866
124 125
124 126
125 126
125 127
125 233
125 792
126 677
127 128
127 129
127 355
127 755
128 130
128 750
129 130
129 131
130 132
131 132
131 361
131 682
132 133
133 134
133 297
134 135
134 136
134 332
134 538
134 614
134 946
135 136
135 137
136 284
137 139
137 187
138 139
138 140
138 672
138 811
139 140
139 141
139 340
140 142
140 282
140 690
141 142
142 143
142 711
143 144
143 145
143 485
144 146
144 348
145 146
145 377
146 147
146 148
146 330
147 148
147 149
147 414
148 150
148 473
148 959
149 150
149 151
149 580
150 151
150 152
150 181
150 495
151 152
151 153
151 435
151 910
153 155
154 215
154 369
154 738
155 156
155 157
155 224
155 809
156 157
157 158
158 160
158 296
159 161
159 356
159 611
159 704
160 161
160 205
160 310
161 162
161 163
162 163
162 758
163 164
163 302
163 721
163 862
164 166
164 890
165 167
165 968
166 167
166 168
166 850
167 169
168 170
168 384
169 170
169 837
170 667
171 173
171 334
171 603
172 173
172 174
172 202
172 573
172 803
173 175
173 344
173 678
173 687
173 739
174 175
174 176
174 465
175 176
175 177
176 177
176 768
177 178
177 721
178 180
178 519
178 599
179 180
179 210
179 914
179 930
179 981
180 191
180 364
181 183
182 183
182 184
182 389
182 560
182 612
184 186
184 204
184 855
185 186
185 187
185 833
186 187
186 188
186 313
186 660
187 189
188 189
188 418
188 491
188 840
189 968
190 192
190 275
190 871
190 910
190 919
191 193
191 551
191 661
191 727
191 749
191 769
193 194
193 195
193 253
194 558
194 569
194 663
195 196
195 371
196 197
196 305
196 824
197 198
198 199
198 200
198 905
199 200
199 594
200 201
200 202
201 202
201 203
201 637
202 203
202 204
203 204
203 205
204 205
205 206
205 207
205 391
206 207
206 208
206 823
207 208
207 209
207 499
207 513
208 209
208 210
209 372
209 429
209 450
210 211
210 212
211 213
212 213
212 214
212 565
213 214
213 215
214 438
215 217
215 247
216 218
216 467
216 694
217 218
217 440
217 679
217 863
218 219
218 220
219 221
219 388
219 944
220 221
220 332
220 648
220 929
221 223
221 555
221 695
221 899
222 224
222 604
222 909
223 224
223 479
223 540
224 225
224 226
225 226
225 407
225 955
226 227
226 228
227 229
227 474
227 577
228 229
228 230
228 267
228 435
229 230
229 231
229 466
229 826
230 232
231 232
231 233
231 849
232 234
232 416
232 461
233 662
233 663
234 255
234 456
234 803
235 236
235 237
236 237
236 238
236 494
237 238
237 239
237 830
237 926
238 818
238 926
239 240
239 241
239 690
239 839
240 241
240 242
241 242
241 603
242 243
242 621
243 244
243 569
243 960
244 245
244 246
244 379
245 937
245 982
246 248
246 348
246 635
246 907
247 699
247 840
247 965
248 250
248 256
248 294
248 646
248 740
249 250
249 251
249 309
250 251
250 252
251 252
251 395
252 254
252 785
253 254
253 676
253 735
254 255
254 482
255 256
255 713
256 587
257 258
257 312
257 850
258 373
258 669
258 958
259 260
259 261
259 579
259 992
260 262
260 625
260 766
261 262
261 263
262 264
262 513
262 609
263 264
263 265
264 266
265 266
265 918
266 816
267 269
267 631
268 336
268 674
269 270
269 271
269 338
270 271
271 272
271 273
272 273
272 796
272 805
272 981
273 274
273 275
274 275
274 276
275 276
275 277
276 277
276 278
276 635
277 278
277 279
277 931
278 279
278 878
278 974
279 280
279 973
280 282
281 283
282 284
282 403
282 502
282 945
283 285
283 915
284 285
284 588
285 286
286 287
286 288
287 288
287 289
287 341
287 477
287 819
289 768
290 291
292 293
292 339
293 295
294 295
294 296
294 590
295 297
296 297
296 847
297 298
297 431
297 598
298 299
298 300
298 409
298 836
299 300
299 301
299 307
299 663
300 301
300 676
301 663
302 304
302 662
303 305
303 514
303 950
304 305
304 306
305 307
306 308
307 308
308 309
309 310
309 311
309 911
310 311
310 312
310 521
311 312
311 313
311 445
311 603
312 313
312 314
312 737
313 315
314 315
315 316
315 317
316 317
316 318
317 318
317 319
317 874
318 319
318 320
318 699
318 835
318 957
319 320
319 321
319 964
320 321
320 322
321 323
322 341
322 769
322 985
323 324
323 325
323 578
323 859
324 325
324 326
325 326
325 327
327 328
327 597
327 634
327 674
328 329
328 389
329 330
329 331
330 331
330 332
330 632
332 333
332 334
333 334
333 335
333 444
333 488
333 856
334 335
334 336
334 628
335 336
335 337
335 551
336 337
336 891
336 944
337 338
337 671
338 339
339 340
339 341
339 990
340 341
340 876
341 342
342 344
342 458
342 929
343 345
344 345
344 346
344 636
344 970
345 347
345 883
346 347
346 584
347 348
347 349
347 427
347 641
348 349
348 350
349 350
349 351
349 761
349 979
350 351
350 603
350 898
351 352
351 353
351 586
352 353
352 574
353 354
353 355
354 356
355 357
356 493
356 703
357 358
357 359
358 359
358 360
358 811
359 360
359 361
359 461
360 361
360 362
360 521
361 362
361 363
362 364
363 475
363 783
364 365
364 366
365 367
365 524
366 368
366 681
367 368
367 369
368 369
368 370
368 766
369 370
369 675
370 371
370 595
371 372
371 373
372 373
373 374
373 375
374 375
374 844
375 377
376 377
376 378
376 810
377 544
377 885
378 379
378 592
379 380
379 381
380 381
380 382
380 521
380 540
381 382
381 383
382 383
383 384
383 385
384 385
384 485
384 711
384 936
385 386
385 387
386 387
386 388
387 388
387 577
387 578
388 389
388 390
389 390
389 391
389 793
390 391
390 392
390 805
391 703
391 757
392 393
392 603
393 394
393 395
394 396
395 396
395 397
396 397
396 398
397 398
397 399
397 726
397 925
398 399
398 400
399 400
399 401
400 401
400 723
401 402
401 403
402 403
402 404
403 405
403 609
403 888
404 405
404 406
405 406
405 481
406 407
407 409
407 437
407 988
408 410
408 529
409 410
409 537
410 411
410 686
410 905
412 812
412 958
413 414
414 415
415 416
415 417
415 522
416 647
416 940
417 418
417 744
418 419
418 420
419 420
419 421
420 421
420 422
421 422
421 423
422 423
422 424
422 532
422 651
422 943
423 424
423 570
424 426
425 427
425 706
425 979
426 428
426 715
427 429
427 956
428 429
428 518
429 430
430 431
430 432
430 817
431 432
432 433
433 725
433 740
434 435
434 436
434 919
435 436
435 437
436 568
436 934
438 747
438 895
438 921
438 994
439 441
439 676
439 855
439 919
440 441
440 442
441 443
441 562
441 655
442 443
442 444
443 445
444 445
444 446
444 620
445 844
446 448
446 626
446 668
447 448
447 784
447 973
448 449
449 450
449 451
450 451
450 452
451 453
452 453
452 454
453 455
453 743
454 455
454 456
454 572
455 456
455 457
455 826
456 457
456 696
457 458
457 725
458 527
458 623
458 725
459 485
459 580
459 710
460 461
460 462
460 699
461 462
461 568
462 463
462 464
463 464
464 466
464 518
465 467
465 786
465 831
466 467
466 468
466 507
466 735
467 468
467 503
467 924
468 469
468 470
469 470
469 471
469 881
470 471
470 472
471 472
471 473
472 474
473 474
473 475
473 845
474 475
474 476
475 476
475 477
475 973
476 477
476 478
477 478
477 479
477 499
477 579
477 633
478 479
478 480
479 481
480 481
480 482
480 693
481 483
482 483
482 484
483 484
483 485
484 485
485 487
485 667
486 487
486 488
486 542
487 489
488 490
488 768
489 490
489 872
490 491
490 492
491 492
491 493
491 906
492 494
492 554
493 495
493 751
494 495
495 496
496 497
496 637
497 498
497 664
498 500
498 753
499 509
500 501
500 860
501 502
501 503
502 503
502 504
502 991
503 504
503 505
504 505
504 506
504 544
504 560
505 506
505 507
506 507
507 508
508 509
508 510
508 674
509 510
509 590
510 511
511 542
511 929
512 513
512 676
513 515
514 515
515 516
515 517
516 517
516 518
518 519
518 757
518 847
518 972
520 521
520 522
520 740
521 522
522 523
522 877
523 524
524 525
524 526
525 526
525 527
525 652
525 697
526 528
526 712
528 530
529 530
529 531
529 774
530 531
530 532
530 539
531 533
532 533
532 534
533 535
533 830
534 535
534 536
534 554
534 580
534 619
535 536
535 537
536 537
536 538
537 538
537 539
538 539
539 541
540 542
541 701
542 543
542 754
542 990
543 598
545 546
545 547
547 548
547 549
548 549
548 550
548 729
548 957
549 550
549 896
550 551
550 682
550 763
551 553
552 553
553 555
554 556
554 693
554 938
555 557
556 557
556 558
556 857
557 559
558 600
559 561
561 562
561 563
562 630
562 821
562 879
563 564
563 620
563 659
563 975
564 565
564 566
565 566
565 567
565 671
566 663
566 702
567 569
568 570
569 570
569 571
570 571
570 572
571 572
572 573
572 574
573 575
574 575
574 576
574 912
575 576
575 666
576 577
576 578
577 578
578 700
580 810
581 582
581 583
582 583
582 584
582 951
583 584
583 585
584 585
584 586
585 586
585 587
587 588
587 589
588 589
589 590
589 591
590 592
590 816
591 592
591 593
591 749
592 594
593 594
593 595
593 857
594 595
594 596
594 613
595 596
596 597
596 598
599 600
599 601
599 950
600 602
600 606
601 602
601 603
601 607
602 603
602 604
603 604
604 606
605 606
605 607
605 932
606 608
607 608
607 609
608 609
608 724
609 611
609 703
610 612
610 709
611 612
611 613
611 776
612 614
612 935
613 615
615 616
615 957
616 617
616 618
617 618
618 619
618 620
619 620
619 621
620 621
620 622
621 906
622 623
622 624
622 955
623 624
623 625
624 626
624 659
625 626
625 968
626 627
626 628
627 628
628 629
629 630
629 631
629 935
631 632
631 633
632 633
634 636
634 777
634 865
635 636
637 638
638 639
638 640
639 641
640 641
640 642
641 642
641 643
642 643
642 909
643 644
643 645
644 645
644 646
646 647
646 648
646 898
647 648
647 649
648 650
649 650
649 651
649 787
650 652
651 652
651 989
652 654
653 654
655 656
655 742
655 765
656 657
656 843
656 890
657 658
657 659
657 910
658 659
659 661
659 858
660 661
660 662
663 664
663 922
663 933
663 993
664 665
664 666
665 667
665 788
666 668
669 700
670 671
670 672
671 672
671 673
671 880
672 673
672 674
673 675
674 675
674 981
675 676
676 677
676 678
678 680
679 680
679 681
681 683
681 726
681 912
682 683
682 700
683 684
684 685
684 686
685 686
686 687
686 688
686 726
687 688
687 689
688 866
689 691
690 692
691 693
692 693
692 855
694 695
694 696
695 696
695 697
697 698
697 699
698 699
698 700
698 906
698 956
700 701
700 702
701 702
701 703
701 767
702 704
702 864
703 705
703 774
704 705
704 706
704 889
705 706
705 781
706 707
706 734
707 708
707 880
708 709
708 710
709 710
709 711
709 840
710 711
710 797
712 713
712 714
712 874
714 716
715 716
715 717
715 917
716 717
716 718
717 718
717 719
718 719
718 720
719 721
720 721
720 722
722 724
723 725
724 725
724 726
726 728
726 946
727 728
727 930
728 854
728 937
729 730
729 731
730 731
730 732
731 733
731 876
732 734
732 777
733 735
734 735
734 736
735 736
736 737
736 738
737 738
738 922
739 740
740 741
740 742
741 743
742 743
742 744
742 752
743 744
744 745
745 746
745 777
746 747
746 943
747 748
748 750
749 895
749 898
750 751
750 752
751 752
751 753
752 753
752 754
753 754
753 755
754 755
755 756
756 758
757 758
758 759
758 760
759 760
760 761
760 762
761 762
761 763
762 764
763 764
763 765
764 765
764 766
765 767
766 767
767 768
767 769
767 969
768 769
768 770
769 771
770 772
771 772
771 773
772 773
772 815
773 774
773 775
773 929
775 776
775 956
776 778
777 778
777 779
778 779
778 780
779 781
780 782
780 806
781 782
781 783
782 783
782 784
783 784
783 962
784 786
785 786
785 787
786 788
787 788
788 789
789 790
789 791
790 791
790 921
791 792
791 993
792 793
793 795
793 908
794 795
795 796
795 797
795 969
796 797
796 798
797 798
798 799
798 801
799 800
799 801
800 801
800 802
801 802
801 803
802 803
802 804
804 806
805 807
805 924
806 808
806 812
807 808
807 809
808 810
809 810
809 811
810 811
810 812
810 896
811 812
811 841
812 941
813 814
813 815
814 815
814 816
814 899
815 816
817 818
818 820
819 821
820 861
820 916
821 822
821 823
822 823
822 824
823 825
824 959
825 826
825 827
826 828
827 828
827 829
828 829
828 830
828 924
829 831
830 831
831 833
832 833
832 834
833 834
834 835
834 836
835 837
836 837
836 838
837 838
837 839
838 839
838 840
839 841
840 842
841 842
841 843
842 843
842 844
843 844
843 845
844 846
845 846
846 848
847 849
848 849
848 850
848 852
848 880
848 964
849 850
849 851
850 851
850 852
851 852
851 853
851 891
852 853
852 854
852 943
853 854
853 855
855 856
855 857
855 867
856 857
856 858
856 867
858 859
858 860
859 860
859 894
860 861
861 863
862 863
862 883
863 865
863 963
864 866
865 867
865 969
867 869
868 869
869 870
869 871
871 873
872 873
872 874
873 874
873 875
875 877
876 877
876 878
877 878
878 879
878 880
880 882
881 882
882 883
882 884
883 885
883 926
883 945
884 885
885 886
885 887
885 949
886 888
886 931
887 889
888 889
889 890
890 891
890 964
891 892
892 893
893 895
893 945
894 895
895 897
896 897
899 900
899 901
900 901
900 902
901 902
901 903
902 903
903 904
904 905
904 906
904 918
905 906
905 907
906 907
907 908
907 909
908 909
908 910
909 911
912 913
912 914
913 914
913 915
914 915
915 917
916 917
916 978
917 918
917 919
918 920
919 920
920 922
923 925
924 952
926 927
927 928
928 929
928 930
930 932
930 963
931 932
931 933
932 934
933 934
934 935
934 936
935 936
936 937
936 938
937 938
937 939
938 940
939 940
942 943
942 944
943 944
944 946
945 947
947 948
947 949
948 949
948 950
949 950
950 951
950 952
951 952
951 953
952 953
953 954
953 955
954 955
954 956
955 956
956 958
957 958
958 960
959 960
960 962
961 962
961 963
961 969
963 965
964 966
965 966
966 967
967 969
968 969
968 970
969 970
969 971
970 972
971 972
972 973
973 975
974 975
975 976
976 977
976 978
977 978
978 979
978 980
979 981
980 981
981 982
981 983
982 983
982 984
983 984
983 985
984 986
985 986
985 987
986 987
986 988
987 988
988 989
988 990
989 990
991 992
991 993
992 994
993 994
993 995
994 995
994 996
995 997
996 997
996 998
997 998
